137.020273497  92.8158297149
144.048302363  89.8036971638
150.070324104  87.7972913171
156.088840594  86.7978740651
163.106353706  86.8067072984
161.087328955  90.8321378966
157.063300457  94.8550447139
153.035766708  99.8849401259
148.009236337  103.906585053
143.981702588  108.936480465
138.955172217  112.958125392
135.930140341  117.989282694
130.903609971  122.010927621
126.879581473  126.033834438
122.852047724  131.06372985
118.824513975  136.093625262
114.800485477  140.11653208
110.769446477  146.153416086
106.745417979  150.176322904
152.061306845  91.8277694771
147.034776475  95.849414404
143.003737474  101.886298411
141.016259984  96.8488316559
132.996245  96.8387365322
127.969714629  100.860381459
123.945686131  104.883288276
119.918152382  109.913183688
115.890618633  114.9430791
110.860583011  119.971712622
105.830547389  125.000346144
110.839551503  126.013644191
115.869587125  120.985010669
121.905629872  114.950650443
126.928654991  111.935994111
135.961687603  108.926385341
130.95618874  106.906098699
136.985220984  102.885715663
132.978718743  101.873679506
129.925644857  114.960745567
124.899114486  118.982390494
121.877587861  123.006559202
114.842548493  128.032668942
118.856061237  127.030727909
113.819015112  134.07333862
109.812512871  133.061302464
109.78447086  141.117211222
106.787480995  138.092459766
104.800003505  133.054993011
102.809020764  129.024514851
98.7814870152  134.054410263
94.7539532662  139.084305675
100.765459254  140.098865613
103.758943868  144.130605664
101.711877106  156.21194502
99.7279048675  150.16748967
97.7369221265  146.13701151
92.7279180122  145.123713463
87.7119033953  146.124392606
82.6818677732  151.153026127
89.699380885  151.161859361
96.7239044994  149.156715404
94.6943639941  156.203111787
97.6843433569  161.241840432
85.671847136  156.191754773
88.6688370014  159.216506228
91.6588163643  164.255234874
93.646293854  169.292701629
88.6162582319  174.32133515
86.6287807421  169.283868395
84.6342927498  166.26037883
84.6413032524  164.24640164
78.6473235216  158.196898729
78.6262920137  164.238830298
73.6172878994  163.225532251
68.583747026  169.261154367
74.5882425108  172.289691494
83.6142646202  171.294059914
77.5992533815  171.286488571
78.5842289981  176.322693435
84.5922297342  178.344241967
79.5621941121  183.372875489
70.5642140131  176.312598311
73.5506881246  182.358315551
64.5492027744  176.305026969
65.534178391  181.341231833
59.5051461471  185.361614869
65.5201573858  185.369186212
69.526659627  186.381222369
73.5261513655  189.407235715
77.5396641093  188.405294682
72.4991127333  196.454893988
65.4500523597  205.508958108
69.4740808574  201.486051291
68.4961157434  194.435869237
60.4761007584  194.425774113
61.461076375  199.461978977
65.5026311293  190.404129186
65.4675786162  200.474015134
55.4776123981  190.391510281
59.5191671523  181.33366049
50.4440715247  196.427132398
56.4555775121  197.441692335
51.4185313873  204.484303047
55.4145178746  208.517304988
55.4320441311  203.482362014
59.4245253671  208.522352549
62.4145047299  213.561081195
46.409527273  203.471004999
45.3754781382  212.532640462
50.3879875038  212.538949914
46.3920010165  208.505947973
42.3504462623  217.563797765
42.3259095032  224.612717928
44.302871239  232.671150467
48.2883419723  239.725118193
47.3384188688  224.61902738
54.3734582371  219.59291764
47.3594503766  218.577095812
56.3924829886  215.567487042
60.3884694758  219.600488983
51.3309001047  229.659017916
52.3439177318  226.639314022
59.3614308436  226.648147256
53.3113670918  236.710461861
54.2893322058  243.760643915
59.2913258175  246.787919151
66.3193546832  243.7757866
74.3393696682  243.785881724
58.3273817087  235.709782718
64.3529087013  232.696388277
42.311888498  228.640672307
43.279337858  238.711820146
39.3008776273  229.643875231
65.4290208519  211.550889677
61.3734450924  224.636693847
58.3519184679  228.660862555
62.3268734473  238.735796064
67.3534038181  234.714151138
70.3468884322  238.745891188
76.3724154249  235.732496747
78.3598929146  240.769963502
82.3839214123  236.747056684
83.3653917776  242.790250143
88.4094484049  233.733662243
88.3919221484  238.768605217
94.4069333871  238.77617656
95.4269615167  233.742495476
100.435965631  234.755793523
102.462000885  228.716385735
106.454482121  233.756376271
112.483514365  229.735993235
109.490029751  225.704253184
115.515556743  222.690858743
116.504037611  226.720075012
121.541083736  219.677464301
126.567614107  215.655819374
132.596646351  211.635436338
138.629183846  206.608064707
143.655714217  202.58641978
149.688251712  197.559048149
155.720789207  192.531676518
159.751828208  186.494792511
163.782867208  180.457908504
168.81290283  175.429274983
174.845440325  170.401903351
180.863956815  169.402486099
189.893484176  167.399865924
185.87296093  170.415784147
183.850430927  175.44820334
179.822897178  180.478098752
174.789356304  186.513720868
175.830415942  175.438108216
179.843928686  174.436167183
171.792366439  183.488969412
171.799376942  181.474992223
166.762330817  188.517602934
168.753313558  192.548081094
171.757313926  193.55885536
162.724281314  196.56846413
154.686740072  201.593311981
122.526059353  224.713669166
128.551586345  221.700274724
134.580618589  217.679891688
140.613156084  212.652520057
146.638683077  209.639125615
150.662711575  205.616218798
160.16194261  68.6771269208
165.181462478  66.6694591835
172.202480842  65.671303822
179.230509707  62.659171271
186.262043824  58.6400501251
190.282567071  55.6241319026
197.317606439  50.598022162
201.341634937  46.5751153447
205.362158183  43.5591971222
201.359161193  41.5401723707
193.335640957  42.5370658418
186.311117343  44.5422097981
180.28559035  47.5556042396
177.264063725  51.5797729473
173.240035228  55.6026797646
169.219511981  58.6185979871
166.201490608  61.6357781001
176.237025093  58.6274312204
182.269562588  53.6000595893
189.297591454  50.5879270382
193.318114701  47.5720088157
207.377677683  40.5407551188
114.428928839  246.857323127
121.449947202  245.859167766
128.474470817  243.854023809
119.458964461  241.828689606
122.480491086  237.804520898
126.511530086  231.767636891
130.535558584  227.744730074
134.503503061  239.833640773
138.53103681  234.803745361
143.55756718  230.782100434
148.591108054  224.746478318
152.6116313  221.730560095
158.647674047  215.696199869
163.674204417  211.674554943
167.698232915  207.651648125
172.724763286  203.630003199
177.751293657  199.608358272
185.781824396  196.597487611
190.808354766  192.575842684
126.494003829  236.802579865
134.531545071  231.777732015
139.575601698  222.721144114
145.604633942  218.700761078
152.643178562  212.667662742
158.672210806  208.647279706
163.695235925  205.632623374
168.735787301  197.583024068
157.708266697  197.569143273
162.745312822  190.526532562
180.776325533  194.577200969
186.812368279  188.542840743
274.965933339  207.786670406
274.94139658  214.835590569
270.917368082  218.858497386
266.893339584  222.881404204
262.876321589  224.890333831
255.844787472  228.909454977
252.83027135  230.919646495
244.79623536  234.937505751
235.759697497  238.954103116
225.724163012  241.962449995
215.688628527  244.970796875
204.661107922  244.95691608
199.666124813  239.915663654
198.695170202  230.85150441
203.735721578  222.801905104
209.782280078  213.746579094
215.825333327  205.698241678
221.871891828  196.642915668
227.914945077  188.594578253
232.951991202  181.551967541
227.953502841  177.51770371
219.922972103  180.52857437
210.886434239  184.545171735
200.854405005  186.54653002
195.831379886  189.561186352
208.881430493  184.542647954
212.901953739  181.526729732
193.843902396  184.523719597
203.879436881  181.515372718
210.907465747  178.503240167
215.933996118  174.48159524
225.973035854  170.466259765
230.989050471  169.465580623
235.006068466  167.456650995
242.027086829  166.458495634
246.037094322  166.463543196
250.043596563  167.475579352
254.036077799  172.515569888
254.022056794  176.543524267
244.971497925  184.588076011
240.936953674  191.631948613
250.997024918  181.57468157
244.95747692  188.616030391
235.98403358  174.506833049
239.98703057  176.525857801
242.009560573  171.493438608
247.004543682  176.534691034
219.954519364  171.465677017
206.904468757  176.484215415
236.944472438  186.591958077
240.964995684  183.576039855
232.927454443  188.600887705
229.898917316  194.639033602
233.905419557  195.651069759
238.907413168  198.678344996
231.875879051  202.697466141
224.865376442  200.674655719
219.817814563  210.738232214
225.843341556  207.724837773
219.838846071  204.696300645
215.786775563  216.775116221
220.795779677  217.788414268
226.82130667  214.775019827
230.85234567  208.73813582
198.863422264  182.51605186
207.756244824  219.785986882
215.762238804  223.824036385
210.739213685  226.838692717
206.715185187  230.861599534
204.717191943  228.845098563
204.689149933  236.901007322
212.698649164  239.93206823
218.720670905  237.925662383
215.734196794  231.879945143
221.74219753  233.901493675
227.753703517  234.916053613
235.777223753  233.919160142
240.779217365  236.946435379
210.679624412  243.957498828
242.80875787  229.900038996
247.83178299  226.885382664
255.86581898  222.867523409
263.89985497  218.849664153
268.933395844  212.814042037
230.740177629  240.961770853
219.698636019  244.975844437
210.802308208  208.71289801
287.016987324  201.759881523
288.037015454  196.726200439
290.059545457  191.693781246
293.060040573  193.711544107
295.09308633  185.65815913
302.124620447  181.639037984
305.146147072  177.614869276
310.172677442  173.593224349
315.206218316  167.557602233
323.226233301  167.567697357
332.25225541  166.572065776
342.284284644  164.570707491
350.300794378  165.58779121
358.320809363  165.597886333
365.338322474  165.606719567
370.340316086  168.633994803
374.336302573  172.666996744
299.089072817  189.691161071
306.127617437  183.658062735
311.154147808  179.636417808
315.181681557  174.606522396
321.200198047  173.607105144
320.18718042  176.626809038
325.203195037  175.626129896
331.218206275  175.633701239
339.241726512  174.636807768
346.259239623  174.645641001
330.229725407  171.604484969
339.259252768  169.601864794
344.271762134  169.608174246
351.285769994  170.623996074
356.29827936  170.630305526
364.318294345  170.64040065
368.317786083  173.666413996
370.301758322  179.710869346
352.274250862  174.653212344
360.287255344  176.677284657
364.27973658  181.717275193
365.268217448  185.746491463
321.059987995  213.886648936
325.087521744  208.856753524
332.119055861  204.837632378
335.144087736  199.806475075
340.174123359  194.777841554
346.217176608  186.729504138
351.250717481  180.693882022
357.258718217  182.715430554
353.231184468  187.745325966
357.223665704  192.785316502
349.17911396  199.824141542
348.194138344  194.787936678
359.242690456  188.759885904
343.153586967  202.837535984
354.195128577  198.8234624
341.120541211  210.890920961
346.147071582  206.869276034
338.123551345  207.866169505
333.100526226  210.880825837
327.071493982  214.901208874
335.095014218  213.904315403
332.06297184  220.949449895
319.030447489  220.933045319
314.000411867  225.96167884
321.010914476  227.984489263
326.04445535  221.948867147
327.025925715  227.992060606
331.032427956  229.004096762
311.970871362  233.008075223
315.959847346  239.055054353
322.966844704  242.084853371
329.977347313  244.107663794
337.997362298  244.117758918
344.012373537  244.12533026
352.042904276  241.1144596
359.06742789  239.109315643
365.092954883  236.095921202
372.124489  232.076800056
378.153521244  228.05641702
382.184560244  222.019533013
373.155032884  224.022153188
367.129505891  227.03554763
359.095469901  231.053406885
353.069942908  234.066801327
345.039412169  237.077671987
340.026902804  237.071362535
334.011891565  237.063791192
329.002887451  236.050493145
322.991381463  235.035933207
249.812249977  233.936826608
387.218101118  215.983910897
392.251641991  209.94828878
397.285182865  203.912666664
403.321225611  197.878306438
408.358271736  190.835695727
413.388307358  185.807062205
418.421848231  179.771440089
423.451883853  174.742806567
427.475912351  170.71989975
433.497934093  168.713493903
441.528464831  165.702623242
448.545977943  165.711456476
445.52795657  168.728636589
439.495419075  173.75600822
434.468888704  177.777653147
430.437849704  183.814537153
425.407814081  188.843170675
421.380280332  193.873066087
418.351743205  199.911211984
414.324209456  204.941107397
409.294173834  209.969740918
405.263134834  216.006624925
402.227587204  224.058748012
430.465891714  175.758628395
424.426343716  182.799977216
418.393806221  187.827348847
413.360265348  193.862970963
408.326724474  199.89859308
404.295685474  205.935477087
397.253635603  212.975564017
402.266144968  212.981873469
391.217592856  219.009924243
397.222088341  222.03846137
387.186553856  225.04680825
394.200561717  226.062630078
384.16152198  230.077965552
381.132984853  236.116111449
384.122964216  241.154840095
390.130964952  243.176388627
395.139969066  244.189686674
401.158485556  243.190269422
407.169991544  244.20482936
412.189511412  242.197161623
418.215038404  239.183767181
426.242063892  237.179885115
433.266587506  235.174741159
438.289612626  232.160084827
443.316142997  228.1384399
449.348680492  223.111068269
387.151501343  235.116694197
393.180533587  231.096311161
401.207559074  229.092429095
395.168011077  236.133777916
404.194033186  235.138146335
412.217553422  234.141252864
420.24457891  232.137370799
426.270105902  229.123976357
434.304141893  225.106117102
442.334672631  222.095246441
447.364708254  217.066612919
399.241113093  218.013030772
406.209552686  232.119704332
408.190019673  239.171148277
452.38072287  216.065933777
457.410758493  211.037300255
462.440794115  206.008666734
468.47333161  200.981295103
474.502363854  196.960912066
479.535904727  190.92528995
486.567438844  186.906168804
493.602478213  181.880059063
500.63401233  177.860937918
506.659539322  174.847543476
514.693575313  170.829684221
519.716600432  167.815027889
526.734113544  167.823861122
532.756135285  165.817455275
541.782157395  164.821823695
547.790158131  166.843372227
552.802667496  166.849681679
558.810668232  168.871230212
560.798145722  173.908696967
564.815163717  171.899767339
567.801637829  177.945484579
565.758076318  189.019835341
568.783108194  183.988678038
454.36820036  221.103400532
461.403239729  216.077290791
466.426264848  213.062634459
472.458802343  208.035262828
480.496343585  203.010414978
491.544895697  196.982364204
497.580938443  190.948003978
508.632995807  183.91296461
516.670537048  178.88811676
527.712078658  174.874043176
541.754115384  172.877732453
552.771120235  175.912579032
481.519876966  196.9697453
490.55992008  191.94615934
498.597461322  186.92131149
504.622988314  183.907917048
509.656529188  177.872294932
515.68205618  174.85890049
526.713082036  173.865792691
520.687555043  176.879187132
533.734100399  172.867637329
539.763132643  168.847254293
546.770130001  171.87705331
551.782639367  171.883362763
455.353175977  226.139605396
455.33564972  231.17454837
458.329134334  235.206288421
462.318110319  241.253267551
459.321120454  238.228516096
469.325107677  244.283066569
474.337617043  244.289376021
480.352628281  244.296947364
487.373646644  243.298792003
493.395668386  241.292386156
501.426199125  238.281515495
506.445718993  236.273847758
512.471245985  233.260453317
517.497776356  229.23880839
523.523303349  226.225413948
460.379706348  222.11796047
461.361176713  228.161153929
466.359665073  232.19541776
468.350647814  236.22589592
474.362153802  237.240455858
480.380670292  236.241038606
487.394678152  237.256860434
492.410692769  236.256181292
497.430212637  234.248513554
503.45573963  231.235119113
507.476262876  228.21920089
512.499287996  225.204544558
518.524814988  222.191150117
523.551345359  218.16950519
525.5423281  222.19998335
527.571868606  215.153586967
529.590893357  211.128156369
533.614921855  207.105249552
538.641452226  203.083604625
541.666484101  198.052447323
544.691515977  193.02129002
549.725056851  186.985667904
549.735572605  183.964702119
552.746583475  182.961499196
549.753098861  178.929759145
486.532386331  196.976054752
469.419749462  217.09437451
469.402223206  222.129317484
471.382690193  229.180761428
476.423241569  221.131162122
480.45778582  214.087289521
486.497333818  207.0459407
481.47781395  209.053608437
476.489841344  201.998378821
474.442774582  214.079718178
477.397701431  229.188332771
486.511354823  203.017986321
495.558408441  195.980423171
493.584951956  186.915002037
501.594451187  189.946062946
465.388710462  223.131258517
555.764604849  179.944319083
560.777114214  179.950628535
564.783616455  180.962664692
559.753580833  185.991298214
554.727050462  190.01294314
558.730047452  192.031967892
562.733044442  194.050992643
549.693509589  196.048565257
545.662470589  202.085449264
537.610908342  211.138251493
535.591883591  215.163682091
531.564349842  220.193577503
529.534809336  227.239973886
530.51277445  234.29015594
534.540308199  229.260260528
534.557834456  224.225317554
538.574852451  222.216387926
541.603389578  216.178242029
544.635431956  209.133107537
550.657453698  207.12670169
555.694499823  200.084090979
553.703517082  196.053612819
549.672478081  202.090496826
550.713537719  191.014884173
559.708012566  199.082149946
558.687984437  204.115831029
554.660450688  209.145726441
551.635418812  214.176883744
548.606881685  220.215029641
546.619404195  215.177562886
545.592365563  222.225221159
534.508760937  238.323157881
538.504747425  242.356159822
544.512748161  244.377708354
540.53428793  235.309763439
539.556322816  228.259581385
546.566825425  230.282391808
531.501255318  238.319372209
542.528775922  238.333253005
546.542288666  237.331311972
550.559306661  235.322382344
549.525257526  244.384017807
553.545780773  241.368099584
555.536763514  245.398577744
556.567307397  237.343930876
560.549272879  245.404887197
567.573796494  243.39974324
574.598320108  241.394599284
582.625345596  239.390717218
587.641360213  238.390038076
592.65737483  237.389358933
599.678393193  236.391203572
604.697913061  234.383535835
614.729942295  232.38217755
620.748458785  231.382760298
624.76547678  229.37383067
631.786495143  228.375675309
644.826029996  226.378102695
639.813520631  226.371793243
650.851556989  223.364708254
657.872575352  222.366552892
662.888589969  221.36587375
671.911106827  221.377230764
676.927121444  220.376551621
683.948139807  219.37839626
691.971660043  218.381502789
697.990176533  217.382085537
707.012693391  217.393442551
719.04622112  216.401596642
728.065232727  217.419942251
735.079240587  218.435764079
741.090746575  219.450324017
748.104754435  220.466145845
756.117758918  222.490218158
760.117250656  225.516231504
751.112260055  220.469931516
560.566799136  240.369944223
563.591831012  235.33878692
569.603336999  236.353346858
577.633867738  233.342476197
575.614842987  237.367906795
579.62835573  236.365965762
586.663395099  231.339856022
596.684908579  232.359463521
609.731453934  228.347913718
597.704936708  227.325782438
601.714944201  227.33083
610.747976813  224.32122123
614.754479054  225.333257386
617.768995176  223.323065868
627.794013907  223.335684773
620.783511298  221.31287435
634.822042773  220.323552222
640.840559263  219.32413497
648.86758475  217.320252904
655.885097862  217.329086137
665.920632347  214.320739258
672.94165071  213.322583896
681.96767282  212.326952315
692.998698675  211.333844516
702.024720785  210.338212935
714.058248514  209.346367026
722.078263499  209.35646215
735.107282598  210.379855321
747.126789321  213.415963791
687.982684059  212.334523658
660.911628233  213.30744121
652.888107997  214.304334681
628.810536785  219.308992284
641.85357689  216.304431076
666.933649974  211.301035364
674.957170211  210.304141893
681.985199076  207.292009341
689.00621744  206.29385398
701.039745168  205.302008071
708.05725828  205.310841304
718.085782263  204.316471614
724.100793501  204.324042957
729.113302867  204.330352409
739.131311095  206.356948503
745.139311832  208.378497036
753.14180056  213.423535134
728.089769486  210.371022087
743.116781829  213.410916229
734.11880173  206.350639051
713.02770463  217.401013894
709.038728645  211.354034763
704.008693023  216.382668285
695.021228678  206.301425323
711.064763899  205.314626976
724.065740988  214.393928905
717.05874363  211.364129887
737.10177059  213.403344886
756.135285174  217.455275184
733.095268349  212.391308729
610.716429551  233.384118583
604.725955071  226.327627076
590.673402591  231.344903584
583.652384228  232.343058945
579.607324223  242.407897331
666.902102713  220.363932717
678.946146195  216.351121023
750.102747679  222.482646815
446.60406872  147.583137989
451.620083337  146.582458846
456.632592703  146.588768299
461.652112571  144.581100561
466.678642942  140.559455634
471.705173313  136.537810708
475.725696559  133.521892485
479.749725057  129.498985668
485.775252049  126.485591226
491.804284293  122.46520819
496.830814664  118.443563263
452.640111467  141.548777763
457.670147089  136.520144241
458.658627957  140.549360511
462.689666957  134.512476504
469.717695823  131.500343953
472.739222448  127.476175245
479.774261816  122.450065504
485.799788809  119.436671063
491.825315801  116.423276621
464.708691709  130.487045906
467.730218333  126.462877198
474.76175245  122.443756052
478.785780948  118.420849235
498.846334164  115.42512126
479.742714554  131.512962857
467.681144815  140.560717525
460.674147457  137.530918507
487.808297806  118.432206249
134.552576579  225.735800446
204.752244456  218.775212615
200.717700205  225.819085217
196.672640199  235.883923603
218.773249675  222.820833461
211.717178798  233.888874771
315.980878854  233.013122785
336.083495086  217.933531672
364.104474015  232.066704932
373.141011878  228.050107567
52.2878337109  242.751131539
57.3038483278  241.750452396
247.975498293  185.598850278
224.889913201  193.625735555
218.846859952  201.674072971
258.855798343  227.906252054
412.340237218  198.896652047
399.272660354  208.950133419
399.178018569  236.138825478
383.201083123  217.992840524
469.339128682  240.25511219
431.279110017  230.137274404
248.02106656  172.507998545
348.043412537  238.088446254
